#Common parameters
#ED = 1 ; Eq = 50 ; Tau_eff = 1 ; D = 10000 ; G = 0.00024 ; 
#nz = 500 ; nt = 500 ; dt = 0.4 ; Tfin = 200 ; app_z = 0 ; app_t = 0 ; 
#DPCM parameters:
#
#Coreallations   :  B  = 1 + i * 0 ;    C1  = 1 + i * 0 ;    C2  = 1 + i * 0
#Gratings      :  M0  = 5e-09 + i * 0 ;    M1f0  = 2.5e-05 + i * 0 ;    M2f0  = 2.5e-05 + i * 0 ;    
# Waves         :  A1  = 1 + i * 0 ;    A2  = 1 + i * 0 ;    
# Results:
# Time	Signal_l	Conjugate_l	Faning_l	Signal_r	Conjugate_r	Faning_r	
4.000000e-01	1.000000e+00	0.000000e+00	0.000000e+00	1.000000e+00	0.000000e+00	0.000000e+00	1.000000e+00	
8.000000e-01	9.916049e-01	4.287334e-10	8.395068e-03	9.916049e-01	4.287334e-10	8.395068e-03	1.000000e+00	
1.200000e+00	9.719660e-01	1.839833e-09	2.803396e-02	9.719660e-01	1.839833e-09	2.803396e-02	1.000000e+00	
1.600000e+00	9.475920e-01	4.421179e-09	5.240800e-02	9.475920e-01	4.421179e-09	5.240800e-02	1.000000e+00	
2.000000e+00	9.226894e-01	8.364042e-09	7.731055e-02	9.226894e-01	8.364042e-09	7.731055e-02	1.000000e+00	
2.400000e+00	8.996227e-01	1.386913e-08	1.003773e-01	8.996227e-01	1.386913e-08	1.003773e-01	1.000000e+00	
2.800000e+00	8.794788e-01	2.115364e-08	1.205212e-01	8.794788e-01	2.115364e-08	1.205212e-01	1.000000e+00	
3.200000e+00	8.625551e-01	3.045811e-08	1.374448e-01	8.625551e-01	3.045811e-08	1.374448e-01	1.000000e+00	
3.600000e+00	8.487133e-01	4.205243e-08	1.512867e-01	8.487133e-01	4.205243e-08	1.512867e-01	1.000000e+00	
4.000000e+00	8.376085e-01	5.624146e-08	1.623914e-01	8.376085e-01	5.624146e-08	1.623914e-01	1.000000e+00	
4.400000e+00	8.288262e-01	7.337012e-08	1.711738e-01	8.288262e-01	7.337012e-08	1.711738e-01	1.000000e+00	
4.800000e+00	8.219555e-01	9.382855e-08	1.780444e-01	8.219555e-01	9.382855e-08	1.780444e-01	1.000000e+00	
5.200000e+00	8.166256e-01	1.180574e-07	1.833743e-01	8.166256e-01	1.180574e-07	1.833743e-01	1.000000e+00	
5.600000e+00	8.125184e-01	1.465535e-07	1.874815e-01	8.125184e-01	1.465535e-07	1.874815e-01	1.000000e+00	
6.000000e+00	8.093704e-01	1.798759e-07	1.906294e-01	8.093704e-01	1.798759e-07	1.906294e-01	1.000000e+00	
6.400000e+00	8.069684e-01	2.186531e-07	1.930314e-01	8.069684e-01	2.186531e-07	1.930314e-01	1.000000e+00	
6.800000e+00	8.051423e-01	2.635905e-07	1.948574e-01	8.051423e-01	2.635905e-07	1.948574e-01	1.000000e+00	
7.200000e+00	8.037585e-01	3.154787e-07	1.962412e-01	8.037585e-01	3.154787e-07	1.962412e-01	1.000000e+00	
7.600000e+00	8.027127e-01	3.752037e-07	1.972869e-01	8.027127e-01	3.752037e-07	1.972869e-01	1.000000e+00	
8.000000e+00	8.019242e-01	4.437572e-07	1.980753e-01	8.019242e-01	4.437572e-07	1.980753e-01	1.000000e+00	
8.400000e+00	8.013310e-01	5.222485e-07	1.986684e-01	8.013310e-01	5.222485e-07	1.986684e-01	1.000000e+00	
8.800000e+00	8.008857e-01	6.119184e-07	1.991137e-01	8.008857e-01	6.119184e-07	1.991137e-01	1.000000e+00	
9.200000e+00	8.005518e-01	7.141538e-07	1.994475e-01	8.005518e-01	7.141538e-07	1.994475e-01	1.000000e+00	
9.600000e+00	8.003020e-01	8.305043e-07	1.996972e-01	8.003020e-01	8.305043e-07	1.996972e-01	1.000000e+00	
1.000000e+01	8.001153e-01	9.627014e-07	1.998837e-01	8.001153e-01	9.627014e-07	1.998837e-01	1.000000e+00	
1.040000e+01	7.999760e-01	1.112679e-06	2.000229e-01	7.999760e-01	1.112679e-06	2.000229e-01	1.000000e+00	
1.080000e+01	7.998721e-01	1.282595e-06	2.001266e-01	7.998721e-01	1.282595e-06	2.001266e-01	1.000000e+00	
1.120000e+01	7.997948e-01	1.474860e-06	2.002037e-01	7.997948e-01	1.474860e-06	2.002037e-01	1.000000e+00	
1.160000e+01	7.997373e-01	1.692164e-06	2.002610e-01	7.997373e-01	1.692164e-06	2.002610e-01	1.000000e+00	
1.200000e+01	7.996945e-01	1.937509e-06	2.003035e-01	7.996945e-01	1.937509e-06	2.003035e-01	1.000000e+00	
1.240000e+01	7.996627e-01	2.214244e-06	2.003351e-01	7.996627e-01	2.214244e-06	2.003351e-01	1.000000e+00	
1.280000e+01	7.996391e-01	2.526105e-06	2.003584e-01	7.996391e-01	2.526105e-06	2.003584e-01	1.000000e+00	
1.320000e+01	7.996215e-01	2.877260e-06	2.003756e-01	7.996215e-01	2.877260e-06	2.003756e-01	1.000000e+00	
1.360000e+01	7.996084e-01	3.272355e-06	2.003883e-01	7.996084e-01	3.272355e-06	2.003883e-01	1.000000e+00	
1.400000e+01	7.995986e-01	3.716574e-06	2.003977e-01	7.995986e-01	3.716574e-06	2.003977e-01	1.000000e+00	
1.440000e+01	7.995912e-01	4.215693e-06	2.004046e-01	7.995912e-01	4.215693e-06	2.004046e-01	1.000000e+00	
1.480000e+01	7.995856e-01	4.776155e-06	2.004096e-01	7.995856e-01	4.776155e-06	2.004096e-01	1.000000e+00	
1.520000e+01	7.995813e-01	5.405140e-06	2.004133e-01	7.995813e-01	5.405140e-06	2.004133e-01	1.000000e+00	
1.560000e+01	7.995779e-01	6.110650e-06	2.004160e-01	7.995779e-01	6.110650e-06	2.004160e-01	1.000000e+00	
1.600000e+01	7.995752e-01	6.901604e-06	2.004179e-01	7.995752e-01	6.901604e-06	2.004179e-01	1.000000e+00	
1.640000e+01	7.995729e-01	7.787941e-06	2.004193e-01	7.995729e-01	7.787941e-06	2.004193e-01	1.000000e+00	
1.680000e+01	7.995710e-01	8.780733e-06	2.004202e-01	7.995710e-01	8.780733e-06	2.004202e-01	1.000000e+00	
1.720000e+01	7.995692e-01	9.892321e-06	2.004209e-01	7.995692e-01	9.892321e-06	2.004209e-01	1.000000e+00	
1.760000e+01	7.995676e-01	1.113645e-05	2.004213e-01	7.995676e-01	1.113645e-05	2.004213e-01	1.000000e+00	
1.800000e+01	7.995660e-01	1.252843e-05	2.004215e-01	7.995660e-01	1.252843e-05	2.004215e-01	1.000000e+00	
1.840000e+01	7.995644e-01	1.408532e-05	2.004216e-01	7.995644e-01	1.408532e-05	2.004216e-01	1.000000e+00	
1.880000e+01	7.995627e-01	1.582611e-05	2.004215e-01	7.995627e-01	1.582611e-05	2.004215e-01	1.000000e+00	
1.920000e+01	7.995608e-01	1.777197e-05	2.004214e-01	7.995608e-01	1.777197e-05	2.004214e-01	1.000000e+00	
1.960000e+01	7.995589e-01	1.994646e-05	2.004212e-01	7.995589e-01	1.994646e-05	2.004212e-01	1.000000e+00	
2.000000e+01	7.995567e-01	2.237582e-05	2.004209e-01	7.995567e-01	2.237582e-05	2.004209e-01	1.000000e+00	
2.040000e+01	7.995544e-01	2.508927e-05	2.004205e-01	7.995544e-01	2.508927e-05	2.004205e-01	1.000000e+00	
2.080000e+01	7.995518e-01	2.811935e-05	2.004201e-01	7.995518e-01	2.811935e-05	2.004201e-01	1.000000e+00	
2.120000e+01	7.995489e-01	3.150228e-05	2.004196e-01	7.995489e-01	3.150228e-05	2.004196e-01	1.000000e+00	
2.160000e+01	7.995457e-01	3.527841e-05	2.004191e-01	7.995457e-01	3.527841e-05	2.004191e-01	1.000000e+00	
2.200000e+01	7.995421e-01	3.949263e-05	2.004184e-01	7.995421e-01	3.949263e-05	2.004184e-01	1.000000e+00	
2.240000e+01	7.995381e-01	4.419493e-05	2.004177e-01	7.995381e-01	4.419493e-05	2.004177e-01	1.000000e+00	
2.280000e+01	7.995337e-01	4.944097e-05	2.004169e-01	7.995337e-01	4.944097e-05	2.004169e-01	1.000000e+00	
2.320000e+01	7.995287e-01	5.529269e-05	2.004160e-01	7.995287e-01	5.529269e-05	2.004160e-01	1.000000e+00	
2.360000e+01	7.995232e-01	6.181904e-05	2.004150e-01	7.995232e-01	6.181904e-05	2.004150e-01	1.000000e+00	
2.400000e+01	7.995170e-01	6.909677e-05	2.004139e-01	7.995170e-01	6.909677e-05	2.004139e-01	1.000000e+00	
2.440000e+01	7.995102e-01	7.721130e-05	2.004126e-01	7.995102e-01	7.721130e-05	2.004126e-01	1.000000e+00	
2.480000e+01	7.995025e-01	8.625770e-05	2.004112e-01	7.995025e-01	8.625770e-05	2.004112e-01	1.000000e+00	
2.520000e+01	7.994940e-01	9.634176e-05	2.004096e-01	7.994940e-01	9.634176e-05	2.004096e-01	1.000000e+00	
2.560000e+01	7.994845e-01	1.075812e-04	2.004079e-01	7.994845e-01	1.075812e-04	2.004079e-01	1.000000e+00	
2.600000e+01	7.994739e-01	1.201071e-04	2.004059e-01	7.994739e-01	1.201071e-04	2.004059e-01	1.000000e+00	
2.640000e+01	7.994622e-01	1.340652e-04	2.004038e-01	7.994622e-01	1.340652e-04	2.004038e-01	1.000000e+00	
2.680000e+01	7.994490e-01	1.496176e-04	2.004014e-01	7.994490e-01	1.496176e-04	2.004014e-01	1.000000e+00	
2.720000e+01	7.994344e-01	1.669449e-04	2.003987e-01	7.994344e-01	1.669449e-04	2.003987e-01	1.000000e+00	
2.760000e+01	7.994181e-01	1.862478e-04	2.003957e-01	7.994181e-01	1.862478e-04	2.003957e-01	1.000000e+00	
2.800000e+01	7.993999e-01	2.077497e-04	2.003923e-01	7.993999e-01	2.077497e-04	2.003923e-01	1.000000e+00	
2.840000e+01	7.993797e-01	2.316990e-04	2.003886e-01	7.993797e-01	2.316990e-04	2.003886e-01	1.000000e+00	
2.880000e+01	7.993572e-01	2.583720e-04	2.003844e-01	7.993572e-01	2.583720e-04	2.003844e-01	1.000000e+00	
2.920000e+01	7.993321e-01	2.880761e-04	2.003798e-01	7.993321e-01	2.880761e-04	2.003798e-01	1.000000e+00	
2.960000e+01	7.993042e-01	3.211530e-04	2.003747e-01	7.993042e-01	3.211530e-04	2.003747e-01	1.000000e+00	
3.000000e+01	7.992731e-01	3.579829e-04	2.003690e-01	7.992731e-01	3.579829e-04	2.003690e-01	1.000000e+00	
3.040000e+01	7.992384e-01	3.989881e-04	2.003626e-01	7.992384e-01	3.989881e-04	2.003626e-01	1.000000e+00	
3.080000e+01	7.991999e-01	4.446387e-04	2.003555e-01	7.991999e-01	4.446387e-04	2.003555e-01	1.000000e+00	
3.120000e+01	7.991570e-01	4.954566e-04	2.003476e-01	7.991570e-01	4.954566e-04	2.003476e-01	1.000000e+00	
3.160000e+01	7.991092e-01	5.520223e-04	2.003388e-01	7.991092e-01	5.520223e-04	2.003388e-01	1.000000e+00	
3.200000e+01	7.990561e-01	6.149809e-04	2.003290e-01	7.990561e-01	6.149809e-04	2.003290e-01	1.000000e+00	
3.240000e+01	7.989969e-01	6.850487e-04	2.003181e-01	7.989969e-01	6.850487e-04	2.003181e-01	1.000000e+00	
3.280000e+01	7.989311e-01	7.630219e-04	2.003059e-01	7.989311e-01	7.630219e-04	2.003059e-01	1.000000e+00	
3.320000e+01	7.988578e-01	8.497846e-04	2.002924e-01	7.988578e-01	8.497846e-04	2.002924e-01	1.000000e+00	
3.360000e+01	7.987763e-01	9.463184e-04	2.002774e-01	7.987763e-01	9.463184e-04	2.002774e-01	1.000000e+00	
3.400000e+01	7.986856e-01	1.053713e-03	2.002607e-01	7.986856e-01	1.053713e-03	2.002607e-01	1.000000e+00	
3.440000e+01	7.985847e-01	1.173178e-03	2.002421e-01	7.985847e-01	1.173178e-03	2.002421e-01	1.000000e+00	
3.480000e+01	7.984726e-01	1.306054e-03	2.002214e-01	7.984726e-01	1.306054e-03	2.002214e-01	1.000000e+00	
3.520000e+01	7.983478e-01	1.453830e-03	2.001984e-01	7.983478e-01	1.453830e-03	2.001984e-01	1.000000e+00	
3.560000e+01	7.982091e-01	1.618155e-03	2.001728e-01	7.982091e-01	1.618155e-03	2.001728e-01	1.000000e+00	
3.600000e+01	7.980548e-01	1.800857e-03	2.001443e-01	7.980548e-01	1.800857e-03	2.001443e-01	1.000000e+00	
3.640000e+01	7.978833e-01	2.003960e-03	2.001127e-01	7.978833e-01	2.003960e-03	2.001127e-01	1.000000e+00	
3.680000e+01	7.976927e-01	2.229705e-03	2.000776e-01	7.976927e-01	2.229705e-03	2.000776e-01	1.000000e+00	
3.720000e+01	7.974810e-01	2.480571e-03	2.000385e-01	7.974810e-01	2.480571e-03	2.000385e-01	1.000000e+00	
3.760000e+01	7.972456e-01	2.759299e-03	1.999951e-01	7.972456e-01	2.759299e-03	1.999951e-01	1.000000e+00	
3.800000e+01	7.969843e-01	3.068916e-03	1.999468e-01	7.969843e-01	3.068916e-03	1.999468e-01	1.000000e+00	
3.840000e+01	7.966940e-01	3.412765e-03	1.998932e-01	7.966940e-01	3.412765e-03	1.998932e-01	1.000000e+00	
3.880000e+01	7.963717e-01	3.794532e-03	1.998338e-01	7.963717e-01	3.794532e-03	1.998338e-01	1.000000e+00	
3.920000e+01	7.960140e-01	4.218276e-03	1.997677e-01	7.960140e-01	4.218276e-03	1.997677e-01	1.000000e+00	
3.960000e+01	7.956171e-01	4.688466e-03	1.996944e-01	7.956171e-01	4.688466e-03	1.996944e-01	1.000000e+00	
4.000000e+01	7.951769e-01	5.210012e-03	1.996131e-01	7.951769e-01	5.210012e-03	1.996131e-01	1.000000e+00	
4.040000e+01	7.946887e-01	5.788302e-03	1.995230e-01	7.946887e-01	5.788302e-03	1.995230e-01	1.000000e+00	
4.080000e+01	7.941478e-01	6.429239e-03	1.994230e-01	7.941478e-01	6.429239e-03	1.994230e-01	1.000000e+00	
4.120000e+01	7.935485e-01	7.139281e-03	1.993123e-01	7.935485e-01	7.139281e-03	1.993123e-01	1.000000e+00	
4.160000e+01	7.928849e-01	7.925472e-03	1.991896e-01	7.928849e-01	7.925472e-03	1.991896e-01	1.000000e+00	
4.200000e+01	7.921507e-01	8.795487e-03	1.990538e-01	7.921507e-01	8.795487e-03	1.990538e-01	1.000000e+00	
4.240000e+01	7.913387e-01	9.757661e-03	1.989036e-01	7.913387e-01	9.757661e-03	1.989036e-01	1.000000e+00	
4.280000e+01	7.904414e-01	1.082102e-02	1.987376e-01	7.904414e-01	1.082102e-02	1.987376e-01	1.000000e+00	
4.320000e+01	7.894505e-01	1.199531e-02	1.985542e-01	7.894505e-01	1.199531e-02	1.985542e-01	1.000000e+00	
4.360000e+01	7.883573e-01	1.329102e-02	1.983517e-01	7.883573e-01	1.329102e-02	1.983517e-01	1.000000e+00	
4.400000e+01	7.871522e-01	1.471937e-02	1.981284e-01	7.871522e-01	1.471937e-02	1.981284e-01	1.000000e+00	
4.440000e+01	7.858252e-01	1.629235e-02	1.978824e-01	7.858252e-01	1.629235e-02	1.978824e-01	1.000000e+00	
4.480000e+01	7.843657e-01	1.802266e-02	1.976117e-01	7.843657e-01	1.802266e-02	1.976117e-01	1.000000e+00	
4.520000e+01	7.827622e-01	1.992368e-02	1.973141e-01	7.827622e-01	1.992368e-02	1.973141e-01	1.000000e+00	
4.560000e+01	7.810032e-01	2.200945e-02	1.969873e-01	7.810032e-01	2.200945e-02	1.969873e-01	1.000000e+00	
4.600000e+01	7.790763e-01	2.429453e-02	1.966292e-01	7.790763e-01	2.429453e-02	1.966292e-01	1.000000e+00	
4.640000e+01	7.769690e-01	2.679390e-02	1.962371e-01	7.769690e-01	2.679390e-02	1.962371e-01	1.000000e+00	
4.680000e+01	7.746685e-01	2.952282e-02	1.958087e-01	7.746685e-01	2.952282e-02	1.958087e-01	1.000000e+00	
4.720000e+01	7.721620e-01	3.249661e-02	1.953414e-01	7.721620e-01	3.249661e-02	1.953414e-01	1.000000e+00	
4.760000e+01	7.694368e-01	3.573044e-02	1.948328e-01	7.694368e-01	3.573044e-02	1.948328e-01	1.000000e+00	
4.800000e+01	7.664807e-01	3.923898e-02	1.942803e-01	7.664807e-01	3.923898e-02	1.942803e-01	1.000000e+00	
4.840000e+01	7.632821e-01	4.303616e-02	1.936817e-01	7.632821e-01	4.303616e-02	1.936817e-01	1.000000e+00	
4.880000e+01	7.598305e-01	4.713469e-02	1.930348e-01	7.598305e-01	4.713469e-02	1.930348e-01	1.000000e+00	
4.920000e+01	7.561166e-01	5.154571e-02	1.923377e-01	7.561166e-01	5.154571e-02	1.923377e-01	1.000000e+00	
4.960000e+01	7.521332e-01	5.627829e-02	1.915885e-01	7.521332e-01	5.627829e-02	1.915885e-01	1.000000e+00	
5.000000e+01	7.478749e-01	6.133895e-02	1.907861e-01	7.478749e-01	6.133895e-02	1.907861e-01	1.000000e+00	
5.040000e+01	7.433392e-01	6.673118e-02	1.899296e-01	7.433392e-01	6.673118e-02	1.899296e-01	1.000000e+00	
5.080000e+01	7.385264e-01	7.245494e-02	1.890187e-01	7.385264e-01	7.245494e-02	1.890187e-01	1.000000e+00	
5.120000e+01	7.334402e-01	7.850621e-02	1.880536e-01	7.334402e-01	7.850621e-02	1.880536e-01	1.000000e+00	
5.160000e+01	7.280881e-01	8.487659e-02	1.870354e-01	7.280881e-01	8.487659e-02	1.870354e-01	1.000000e+00	
5.200000e+01	7.224814e-01	9.155301e-02	1.859656e-01	7.224814e-01	9.155301e-02	1.859656e-01	1.000000e+00	
5.240000e+01	7.166357e-01	9.851751e-02	1.848468e-01	7.166357e-01	9.851751e-02	1.848468e-01	1.000000e+00	
5.280000e+01	7.105706e-01	1.057472e-01	1.836822e-01	7.105706e-01	1.057472e-01	1.836822e-01	1.000000e+00	
5.320000e+01	7.043099e-01	1.132144e-01	1.824758e-01	7.043099e-01	1.132144e-01	1.824758e-01	1.000000e+00	
5.360000e+01	6.978810e-01	1.208867e-01	1.812323e-01	6.978810e-01	1.208867e-01	1.812323e-01	1.000000e+00	
5.400000e+01	6.913148e-01	1.287278e-01	1.799574e-01	6.913148e-01	1.287278e-01	1.799574e-01	1.000000e+00	
5.440000e+01	6.846452e-01	1.366979e-01	1.786569e-01	6.846452e-01	1.366979e-01	1.786569e-01	1.000000e+00	
5.480000e+01	6.779082e-01	1.447542e-01	1.773376e-01	6.779082e-01	1.447542e-01	1.773376e-01	1.000000e+00	
5.520000e+01	6.711412e-01	1.528525e-01	1.760064e-01	6.711412e-01	1.528525e-01	1.760064e-01	1.000000e+00	
5.560000e+01	6.643822e-01	1.609474e-01	1.746704e-01	6.643822e-01	1.609474e-01	1.746704e-01	1.000000e-00	
5.600000e+01	6.576692e-01	1.689938e-01	1.733370e-01	6.576692e-01	1.689938e-01	1.733370e-01	1.000000e-00	
5.640000e+01	6.510388e-01	1.769479e-01	1.720133e-01	6.510388e-01	1.769479e-01	1.720133e-01	1.000000e-00	
5.680000e+01	6.445260e-01	1.847676e-01	1.707063e-01	6.445260e-01	1.847676e-01	1.707063e-01	1.000000e-00	
5.720000e+01	6.381631e-01	1.924143e-01	1.694226e-01	6.381631e-01	1.924143e-01	1.694226e-01	1.000000e-00	
5.760000e+01	6.319792e-01	1.998525e-01	1.681682e-01	6.319792e-01	1.998525e-01	1.681682e-01	1.000000e-00	
5.800000e+01	6.260000e-01	2.070514e-01	1.669486e-01	6.260000e-01	2.070514e-01	1.669486e-01	1.000000e-00	
5.840000e+01	6.202470e-01	2.139844e-01	1.657686e-01	6.202470e-01	2.139844e-01	1.657686e-01	1.000000e-00	
5.880000e+01	6.147377e-01	2.206299e-01	1.646323e-01	6.147377e-01	2.206299e-01	1.646323e-01	1.000000e-00	
5.920000e+01	6.094858e-01	2.269712e-01	1.635430e-01	6.094858e-01	2.269712e-01	1.635430e-01	1.000000e-00	
5.960000e+01	6.045007e-01	2.329961e-01	1.625032e-01	6.045007e-01	2.329961e-01	1.625032e-01	1.000000e-00	
6.000000e+01	5.997880e-01	2.386972e-01	1.615148e-01	5.997880e-01	2.386972e-01	1.615148e-01	1.000000e+00	
6.040000e+01	5.953501e-01	2.440711e-01	1.605788e-01	5.953501e-01	2.440711e-01	1.605788e-01	1.000000e+00	
6.080000e+01	5.911859e-01	2.491182e-01	1.596959e-01	5.911859e-01	2.491182e-01	1.596959e-01	1.000000e+00	
6.120000e+01	5.872919e-01	2.538422e-01	1.588659e-01	5.872919e-01	2.538422e-01	1.588659e-01	1.000000e+00	
6.160000e+01	5.836620e-01	2.582499e-01	1.580882e-01	5.836620e-01	2.582499e-01	1.580882e-01	1.000000e+00	
6.200000e+01	5.802882e-01	2.623502e-01	1.573617e-01	5.802882e-01	2.623502e-01	1.573617e-01	1.000000e+00	
6.240000e+01	5.771610e-01	2.661540e-01	1.566850e-01	5.771610e-01	2.661540e-01	1.566850e-01	1.000000e+00	
6.280000e+01	5.742698e-01	2.696738e-01	1.560564e-01	5.742698e-01	2.696738e-01	1.560564e-01	1.000000e+00	
6.320000e+01	5.716029e-01	2.729231e-01	1.554740e-01	5.716029e-01	2.729231e-01	1.554740e-01	1.000000e+00	
6.360000e+01	5.691482e-01	2.759162e-01	1.549356e-01	5.691482e-01	2.759162e-01	1.549356e-01	1.000000e+00	
6.400000e+01	5.668933e-01	2.786677e-01	1.544390e-01	5.668933e-01	2.786677e-01	1.544390e-01	1.000000e+00	
6.440000e+01	5.648257e-01	2.811925e-01	1.539818e-01	5.648257e-01	2.811925e-01	1.539818e-01	1.000000e+00	
6.480000e+01	5.629330e-01	2.835053e-01	1.535617e-01	5.629330e-01	2.835053e-01	1.535617e-01	1.000000e+00	
6.520000e+01	5.612029e-01	2.856207e-01	1.531764e-01	5.612029e-01	2.856207e-01	1.531764e-01	1.000000e+00	
6.560000e+01	5.596238e-01	2.875527e-01	1.528235e-01	5.596238e-01	2.875527e-01	1.528235e-01	1.000000e+00	
6.600000e+01	5.581842e-01	2.893150e-01	1.525007e-01	5.581842e-01	2.893150e-01	1.525007e-01	1.000000e+00	
6.640000e+01	5.568734e-01	2.909206e-01	1.522060e-01	5.568734e-01	2.909206e-01	1.522060e-01	1.000000e+00	
6.680000e+01	5.556810e-01	2.923818e-01	1.519371e-01	5.556810e-01	2.923818e-01	1.519371e-01	1.000000e+00	
6.720000e+01	5.545975e-01	2.937104e-01	1.516922e-01	5.545975e-01	2.937104e-01	1.516922e-01	1.000000e+00	
6.760000e+01	5.536136e-01	2.949172e-01	1.514692e-01	5.536136e-01	2.949172e-01	1.514692e-01	1.000000e+00	
6.800000e+01	5.527210e-01	2.960125e-01	1.512665e-01	5.527210e-01	2.960125e-01	1.512665e-01	1.000000e+00	
6.840000e+01	5.519118e-01	2.970059e-01	1.510823e-01	5.519118e-01	2.970059e-01	1.510823e-01	1.000000e+00	
6.880000e+01	5.511786e-01	2.979063e-01	1.509151e-01	5.511786e-01	2.979063e-01	1.509151e-01	1.000000e+00	
6.920000e+01	5.505147e-01	2.987219e-01	1.507634e-01	5.505147e-01	2.987219e-01	1.507634e-01	1.000000e+00	
6.960000e+01	5.499139e-01	2.994602e-01	1.506259e-01	5.499139e-01	2.994602e-01	1.506259e-01	1.000000e+00	
7.000000e+01	5.493704e-01	3.001283e-01	1.505014e-01	5.493704e-01	3.001283e-01	1.505014e-01	1.000000e+00	
7.040000e+01	5.488790e-01	3.007324e-01	1.503886e-01	5.488790e-01	3.007324e-01	1.503886e-01	1.000000e+00	
7.080000e+01	5.484349e-01	3.012786e-01	1.502865e-01	5.484349e-01	3.012786e-01	1.502865e-01	1.000000e+00	
7.120000e+01	5.480336e-01	3.017722e-01	1.501942e-01	5.480336e-01	3.017722e-01	1.501942e-01	1.000000e+00	
7.160000e+01	5.476712e-01	3.022181e-01	1.501107e-01	5.476712e-01	3.022181e-01	1.501107e-01	1.000000e+00	
7.200000e+01	5.473441e-01	3.026207e-01	1.500353e-01	5.473441e-01	3.026207e-01	1.500353e-01	1.000000e+00	
7.240000e+01	5.470487e-01	3.029842e-01	1.499671e-01	5.470487e-01	3.029842e-01	1.499671e-01	1.000000e+00	
7.280000e+01	5.467823e-01	3.033122e-01	1.499055e-01	5.467823e-01	3.033122e-01	1.499055e-01	1.000000e+00	
7.320000e+01	5.465419e-01	3.036082e-01	1.498499e-01	5.465419e-01	3.036082e-01	1.498499e-01	1.000000e+00	
7.360000e+01	5.463250e-01	3.038752e-01	1.497998e-01	5.463250e-01	3.038752e-01	1.497998e-01	1.000000e+00	
7.400000e+01	5.461295e-01	3.041160e-01	1.497545e-01	5.461295e-01	3.041160e-01	1.497545e-01	1.000000e+00	
7.440000e+01	5.459533e-01	3.043331e-01	1.497136e-01	5.459533e-01	3.043331e-01	1.497136e-01	1.000000e+00	
7.480000e+01	5.457944e-01	3.045288e-01	1.496768e-01	5.457944e-01	3.045288e-01	1.496768e-01	1.000000e+00	
7.520000e+01	5.456512e-01	3.047052e-01	1.496436e-01	5.456512e-01	3.047052e-01	1.496436e-01	1.000000e+00	
7.560000e+01	5.455222e-01	3.048642e-01	1.496136e-01	5.455222e-01	3.048642e-01	1.496136e-01	1.000000e+00	
7.600000e+01	5.454060e-01	3.050074e-01	1.495866e-01	5.454060e-01	3.050074e-01	1.495866e-01	1.000000e+00	
7.640000e+01	5.453014e-01	3.051363e-01	1.495623e-01	5.453014e-01	3.051363e-01	1.495623e-01	1.000000e+00	
7.680000e+01	5.452071e-01	3.052525e-01	1.495404e-01	5.452071e-01	3.052525e-01	1.495404e-01	1.000000e+00	
7.720000e+01	5.451223e-01	3.053571e-01	1.495206e-01	5.451223e-01	3.053571e-01	1.495206e-01	1.000000e+00	
7.760000e+01	5.450459e-01	3.054512e-01	1.495029e-01	5.450459e-01	3.054512e-01	1.495029e-01	1.000000e+00	
7.800000e+01	5.449772e-01	3.055360e-01	1.494869e-01	5.449772e-01	3.055360e-01	1.494869e-01	1.000000e+00	
7.840000e+01	5.449154e-01	3.056122e-01	1.494724e-01	5.449154e-01	3.056122e-01	1.494724e-01	1.000000e+00	
7.880000e+01	5.448597e-01	3.056808e-01	1.494595e-01	5.448597e-01	3.056808e-01	1.494595e-01	1.000000e+00	
7.920000e+01	5.448097e-01	3.057425e-01	1.494478e-01	5.448097e-01	3.057425e-01	1.494478e-01	1.000000e+00	
7.960000e+01	5.447648e-01	3.057979e-01	1.494373e-01	5.447648e-01	3.057979e-01	1.494373e-01	1.000000e+00	
8.000000e+01	5.447244e-01	3.058477e-01	1.494279e-01	5.447244e-01	3.058477e-01	1.494279e-01	1.000000e+00	
8.040000e+01	5.446881e-01	3.058925e-01	1.494194e-01	5.446881e-01	3.058925e-01	1.494194e-01	1.000000e+00	
8.080000e+01	5.446555e-01	3.059327e-01	1.494118e-01	5.446555e-01	3.059327e-01	1.494118e-01	1.000000e+00	
8.120000e+01	5.446262e-01	3.059688e-01	1.494049e-01	5.446262e-01	3.059688e-01	1.494049e-01	1.000000e+00	
8.160000e+01	5.446000e-01	3.060013e-01	1.493988e-01	5.446000e-01	3.060013e-01	1.493988e-01	1.000000e+00	
8.200000e+01	5.445765e-01	3.060303e-01	1.493932e-01	5.445765e-01	3.060303e-01	1.493932e-01	1.000000e+00	
8.240000e+01	5.445554e-01	3.060564e-01	1.493883e-01	5.445554e-01	3.060564e-01	1.493883e-01	1.000000e+00	
8.280000e+01	5.445365e-01	3.060797e-01	1.493838e-01	5.445365e-01	3.060797e-01	1.493838e-01	1.000000e+00	
8.320000e+01	5.445195e-01	3.061006e-01	1.493798e-01	5.445195e-01	3.061006e-01	1.493798e-01	1.000000e+00	
8.360000e+01	5.445044e-01	3.061193e-01	1.493763e-01	5.445044e-01	3.061193e-01	1.493763e-01	1.000000e+00	
8.400000e+01	5.444909e-01	3.061360e-01	1.493731e-01	5.444909e-01	3.061360e-01	1.493731e-01	1.000000e+00	
8.440000e+01	5.444788e-01	3.061509e-01	1.493702e-01	5.444788e-01	3.061509e-01	1.493702e-01	1.000000e+00	
8.480000e+01	5.444681e-01	3.061642e-01	1.493677e-01	5.444681e-01	3.061642e-01	1.493677e-01	1.000000e+00	
8.520000e+01	5.444585e-01	3.061761e-01	1.493654e-01	5.444585e-01	3.061761e-01	1.493654e-01	1.000000e+00	
8.560000e+01	5.444500e-01	3.061867e-01	1.493634e-01	5.444500e-01	3.061867e-01	1.493634e-01	1.000000e+00	
8.600000e+01	5.444424e-01	3.061960e-01	1.493615e-01	5.444424e-01	3.061960e-01	1.493615e-01	1.000000e+00	
8.640000e+01	5.444357e-01	3.062043e-01	1.493599e-01	5.444357e-01	3.062043e-01	1.493599e-01	1.000000e+00	
8.680000e+01	5.444298e-01	3.062117e-01	1.493585e-01	5.444298e-01	3.062117e-01	1.493585e-01	1.000000e+00	
8.720000e+01	5.444246e-01	3.062182e-01	1.493572e-01	5.444246e-01	3.062182e-01	1.493572e-01	1.000000e+00	
8.760000e+01	5.444200e-01	3.062239e-01	1.493561e-01	5.444200e-01	3.062239e-01	1.493561e-01	1.000000e+00	
8.800000e+01	5.444160e-01	3.062289e-01	1.493551e-01	5.444160e-01	3.062289e-01	1.493551e-01	1.000000e+00	
8.840000e+01	5.444124e-01	3.062333e-01	1.493543e-01	5.444124e-01	3.062333e-01	1.493543e-01	1.000000e+00	
8.880000e+01	5.444094e-01	3.062371e-01	1.493535e-01	5.444094e-01	3.062371e-01	1.493535e-01	1.000000e+00	
8.920000e+01	5.444067e-01	3.062404e-01	1.493528e-01	5.444067e-01	3.062404e-01	1.493528e-01	1.000000e+00	
8.960000e+01	5.444045e-01	3.062433e-01	1.493523e-01	5.444045e-01	3.062433e-01	1.493523e-01	1.000000e+00	
9.000000e+01	5.444026e-01	3.062457e-01	1.493518e-01	5.444026e-01	3.062457e-01	1.493518e-01	1.000000e+00	
9.040000e+01	5.444009e-01	3.062477e-01	1.493513e-01	5.444009e-01	3.062477e-01	1.493513e-01	1.000000e+00	
9.080000e+01	5.443996e-01	3.062494e-01	1.493510e-01	5.443996e-01	3.062494e-01	1.493510e-01	1.000000e+00	
9.120000e+01	5.443985e-01	3.062509e-01	1.493507e-01	5.443985e-01	3.062509e-01	1.493507e-01	1.000000e+00	
9.160000e+01	5.443976e-01	3.062520e-01	1.493504e-01	5.443976e-01	3.062520e-01	1.493504e-01	1.000000e+00	
9.200000e+01	5.443969e-01	3.062529e-01	1.493502e-01	5.443969e-01	3.062529e-01	1.493502e-01	1.000000e+00	
9.240000e+01	5.443964e-01	3.062536e-01	1.493500e-01	5.443964e-01	3.062536e-01	1.493500e-01	1.000000e+00	
9.280000e+01	5.443961e-01	3.062540e-01	1.493499e-01	5.443961e-01	3.062540e-01	1.493499e-01	1.000000e+00	
9.320000e+01	5.443959e-01	3.062543e-01	1.493498e-01	5.443959e-01	3.062543e-01	1.493498e-01	1.000000e+00	
9.360000e+01	5.443958e-01	3.062545e-01	1.493497e-01	5.443958e-01	3.062545e-01	1.493497e-01	1.000000e+00	
9.400000e+01	5.443959e-01	3.062544e-01	1.493497e-01	5.443959e-01	3.062544e-01	1.493497e-01	1.000000e+00	
9.440000e+01	5.443960e-01	3.062543e-01	1.493497e-01	5.443960e-01	3.062543e-01	1.493497e-01	1.000000e+00	
9.480000e+01	5.443963e-01	3.062540e-01	1.493497e-01	5.443963e-01	3.062540e-01	1.493497e-01	1.000000e+00	
9.520000e+01	5.443966e-01	3.062537e-01	1.493497e-01	5.443966e-01	3.062537e-01	1.493497e-01	1.000000e+00	
9.560000e+01	5.443970e-01	3.062532e-01	1.493498e-01	5.443970e-01	3.062532e-01	1.493498e-01	1.000000e+00	
9.600000e+01	5.443975e-01	3.062526e-01	1.493498e-01	5.443975e-01	3.062526e-01	1.493498e-01	1.000000e+00	
9.640000e+01	5.443981e-01	3.062520e-01	1.493499e-01	5.443981e-01	3.062520e-01	1.493499e-01	1.000000e+00	
9.680000e+01	5.443987e-01	3.062513e-01	1.493500e-01	5.443987e-01	3.062513e-01	1.493500e-01	1.000000e+00	
9.720000e+01	5.443993e-01	3.062506e-01	1.493501e-01	5.443993e-01	3.062506e-01	1.493501e-01	1.000000e+00	
9.760000e+01	5.444000e-01	3.062497e-01	1.493502e-01	5.444000e-01	3.062497e-01	1.493502e-01	1.000000e+00	
9.800000e+01	5.444008e-01	3.062489e-01	1.493503e-01	5.444008e-01	3.062489e-01	1.493503e-01	1.000000e+00	
9.840000e+01	5.444016e-01	3.062480e-01	1.493505e-01	5.444016e-01	3.062480e-01	1.493505e-01	1.000000e+00	
9.880000e+01	5.444024e-01	3.062470e-01	1.493506e-01	5.444024e-01	3.062470e-01	1.493506e-01	1.000000e+00	
9.920000e+01	5.444032e-01	3.062460e-01	1.493508e-01	5.444032e-01	3.062460e-01	1.493508e-01	1.000000e+00	
9.960000e+01	5.444041e-01	3.062450e-01	1.493509e-01	5.444041e-01	3.062450e-01	1.493509e-01	1.000000e+00	
1.000000e+02	5.444050e-01	3.062440e-01	1.493511e-01	5.444050e-01	3.062440e-01	1.493511e-01	1.000000e+00	
1.004000e+02	5.444059e-01	3.062429e-01	1.493512e-01	5.444059e-01	3.062429e-01	1.493512e-01	1.000000e+00	
1.008000e+02	5.444068e-01	3.062418e-01	1.493514e-01	5.444068e-01	3.062418e-01	1.493514e-01	1.000000e+00	
1.012000e+02	5.444078e-01	3.062407e-01	1.493516e-01	5.444078e-01	3.062407e-01	1.493516e-01	1.000000e+00	
1.016000e+02	5.444087e-01	3.062395e-01	1.493517e-01	5.444087e-01	3.062395e-01	1.493517e-01	1.000000e+00	
1.020000e+02	5.444097e-01	3.062384e-01	1.493519e-01	5.444097e-01	3.062384e-01	1.493519e-01	1.000000e+00	
1.024000e+02	5.444107e-01	3.062372e-01	1.493521e-01	5.444107e-01	3.062372e-01	1.493521e-01	1.000000e+00	
1.028000e+02	5.444117e-01	3.062360e-01	1.493523e-01	5.444117e-01	3.062360e-01	1.493523e-01	1.000000e+00	
1.032000e+02	5.444127e-01	3.062349e-01	1.493525e-01	5.444127e-01	3.062349e-01	1.493525e-01	1.000000e+00	
1.036000e+02	5.444137e-01	3.062337e-01	1.493527e-01	5.444137e-01	3.062337e-01	1.493527e-01	1.000000e+00	
1.040000e+02	5.444147e-01	3.062324e-01	1.493528e-01	5.444147e-01	3.062324e-01	1.493528e-01	1.000000e+00	
1.044000e+02	5.444157e-01	3.062312e-01	1.493530e-01	5.444157e-01	3.062312e-01	1.493530e-01	1.000000e+00	
1.048000e+02	5.444168e-01	3.062300e-01	1.493532e-01	5.444168e-01	3.062300e-01	1.493532e-01	1.000000e+00	
1.052000e+02	5.444178e-01	3.062288e-01	1.493534e-01	5.444178e-01	3.062288e-01	1.493534e-01	1.000000e+00	
1.056000e+02	5.444188e-01	3.062276e-01	1.493536e-01	5.444188e-01	3.062276e-01	1.493536e-01	1.000000e+00	
1.060000e+02	5.444199e-01	3.062263e-01	1.493538e-01	5.444199e-01	3.062263e-01	1.493538e-01	1.000000e+00	
1.064000e+02	5.444209e-01	3.062251e-01	1.493540e-01	5.444209e-01	3.062251e-01	1.493540e-01	1.000000e+00	
1.068000e+02	5.444220e-01	3.062239e-01	1.493542e-01	5.444220e-01	3.062239e-01	1.493542e-01	1.000000e+00	
1.072000e+02	5.444230e-01	3.062226e-01	1.493544e-01	5.444230e-01	3.062226e-01	1.493544e-01	1.000000e+00	
1.076000e+02	5.444240e-01	3.062214e-01	1.493546e-01	5.444240e-01	3.062214e-01	1.493546e-01	1.000000e+00	
1.080000e+02	5.444251e-01	3.062201e-01	1.493548e-01	5.444251e-01	3.062201e-01	1.493548e-01	1.000000e+00	
1.084000e+02	5.444261e-01	3.062189e-01	1.493550e-01	5.444261e-01	3.062189e-01	1.493550e-01	1.000000e+00	
1.088000e+02	5.444272e-01	3.062177e-01	1.493552e-01	5.444272e-01	3.062177e-01	1.493552e-01	1.000000e+00	
1.092000e+02	5.444282e-01	3.062164e-01	1.493554e-01	5.444282e-01	3.062164e-01	1.493554e-01	1.000000e+00	
1.096000e+02	5.444293e-01	3.062152e-01	1.493556e-01	5.444293e-01	3.062152e-01	1.493556e-01	1.000000e+00	
1.100000e+02	5.444303e-01	3.062140e-01	1.493558e-01	5.444303e-01	3.062140e-01	1.493558e-01	1.000000e+00	
1.104000e+02	5.444313e-01	3.062127e-01	1.493559e-01	5.444313e-01	3.062127e-01	1.493559e-01	1.000000e+00	
1.108000e+02	5.444324e-01	3.062115e-01	1.493561e-01	5.444324e-01	3.062115e-01	1.493561e-01	1.000000e+00	
1.112000e+02	5.444334e-01	3.062103e-01	1.493563e-01	5.444334e-01	3.062103e-01	1.493563e-01	1.000000e+00	
1.116000e+02	5.444344e-01	3.062090e-01	1.493565e-01	5.444344e-01	3.062090e-01	1.493565e-01	1.000000e+00	
1.120000e+02	5.444355e-01	3.062078e-01	1.493567e-01	5.444355e-01	3.062078e-01	1.493567e-01	1.000000e+00	
1.124000e+02	5.444365e-01	3.062066e-01	1.493569e-01	5.444365e-01	3.062066e-01	1.493569e-01	1.000000e+00	
1.128000e+02	5.444375e-01	3.062054e-01	1.493571e-01	5.444375e-01	3.062054e-01	1.493571e-01	1.000000e+00	
1.132000e+02	5.444385e-01	3.062042e-01	1.493573e-01	5.444385e-01	3.062042e-01	1.493573e-01	1.000000e+00	
1.136000e+02	5.444396e-01	3.062030e-01	1.493575e-01	5.444396e-01	3.062030e-01	1.493575e-01	1.000000e+00	
1.140000e+02	5.444406e-01	3.062017e-01	1.493577e-01	5.444406e-01	3.062017e-01	1.493577e-01	1.000000e+00	
1.144000e+02	5.444416e-01	3.062005e-01	1.493579e-01	5.444416e-01	3.062005e-01	1.493579e-01	1.000000e+00	
1.148000e+02	5.444426e-01	3.061993e-01	1.493581e-01	5.444426e-01	3.061993e-01	1.493581e-01	1.000000e+00	
1.152000e+02	5.444436e-01	3.061981e-01	1.493583e-01	5.444436e-01	3.061981e-01	1.493583e-01	1.000000e+00	
1.156000e+02	5.444446e-01	3.061970e-01	1.493584e-01	5.444446e-01	3.061970e-01	1.493584e-01	1.000000e+00	
1.160000e+02	5.444456e-01	3.061958e-01	1.493586e-01	5.444456e-01	3.061958e-01	1.493586e-01	1.000000e+00	
1.164000e+02	5.444466e-01	3.061946e-01	1.493588e-01	5.444466e-01	3.061946e-01	1.493588e-01	1.000000e+00	
1.168000e+02	5.444476e-01	3.061934e-01	1.493590e-01	5.444476e-01	3.061934e-01	1.493590e-01	1.000000e+00	
1.172000e+02	5.444486e-01	3.061922e-01	1.493592e-01	5.444486e-01	3.061922e-01	1.493592e-01	1.000000e+00	
1.176000e+02	5.444495e-01	3.061911e-01	1.493594e-01	5.444495e-01	3.061911e-01	1.493594e-01	1.000000e+00	
1.180000e+02	5.444505e-01	3.061899e-01	1.493596e-01	5.444505e-01	3.061899e-01	1.493596e-01	1.000000e+00	
1.184000e+02	5.444515e-01	3.061888e-01	1.493597e-01	5.444515e-01	3.061888e-01	1.493597e-01	1.000000e+00	
1.188000e+02	5.444525e-01	3.061876e-01	1.493599e-01	5.444525e-01	3.061876e-01	1.493599e-01	1.000000e+00	
1.192000e+02	5.444534e-01	3.061865e-01	1.493601e-01	5.444534e-01	3.061865e-01	1.493601e-01	1.000000e+00	
1.196000e+02	5.444544e-01	3.061853e-01	1.493603e-01	5.444544e-01	3.061853e-01	1.493603e-01	1.000000e+00	
1.200000e+02	5.444553e-01	3.061842e-01	1.493605e-01	5.444553e-01	3.061842e-01	1.493605e-01	1.000000e+00	
1.204000e+02	5.444563e-01	3.061831e-01	1.493607e-01	5.444563e-01	3.061831e-01	1.493607e-01	1.000000e+00	
1.208000e+02	5.444572e-01	3.061819e-01	1.493608e-01	5.444572e-01	3.061819e-01	1.493608e-01	1.000000e+00	
1.212000e+02	5.444582e-01	3.061808e-01	1.493610e-01	5.444582e-01	3.061808e-01	1.493610e-01	1.000000e+00	
1.216000e+02	5.444591e-01	3.061797e-01	1.493612e-01	5.444591e-01	3.061797e-01	1.493612e-01	1.000000e+00	
1.220000e+02	5.444600e-01	3.061786e-01	1.493614e-01	5.444600e-01	3.061786e-01	1.493614e-01	1.000000e+00	
1.224000e+02	5.444610e-01	3.061775e-01	1.493615e-01	5.444610e-01	3.061775e-01	1.493615e-01	1.000000e+00	
1.228000e+02	5.444619e-01	3.061764e-01	1.493617e-01	5.444619e-01	3.061764e-01	1.493617e-01	1.000000e+00	
1.232000e+02	5.444628e-01	3.061753e-01	1.493619e-01	5.444628e-01	3.061753e-01	1.493619e-01	1.000000e+00	
1.236000e+02	5.444637e-01	3.061742e-01	1.493621e-01	5.444637e-01	3.061742e-01	1.493621e-01	1.000000e+00	
1.240000e+02	5.444646e-01	3.061732e-01	1.493622e-01	5.444646e-01	3.061732e-01	1.493622e-01	1.000000e+00	
1.244000e+02	5.444655e-01	3.061721e-01	1.493624e-01	5.444655e-01	3.061721e-01	1.493624e-01	1.000000e+00	
1.248000e+02	5.444664e-01	3.061710e-01	1.493626e-01	5.444664e-01	3.061710e-01	1.493626e-01	1.000000e+00	
1.252000e+02	5.444673e-01	3.061700e-01	1.493627e-01	5.444673e-01	3.061700e-01	1.493627e-01	1.000000e+00	
1.256000e+02	5.444682e-01	3.061689e-01	1.493629e-01	5.444682e-01	3.061689e-01	1.493629e-01	1.000000e+00	
1.260000e+02	5.444691e-01	3.061679e-01	1.493631e-01	5.444691e-01	3.061679e-01	1.493631e-01	1.000000e+00	
1.264000e+02	5.444699e-01	3.061668e-01	1.493632e-01	5.444699e-01	3.061668e-01	1.493632e-01	1.000000e+00	
1.268000e+02	5.444708e-01	3.061658e-01	1.493634e-01	5.444708e-01	3.061658e-01	1.493634e-01	1.000000e+00	
1.272000e+02	5.444716e-01	3.061648e-01	1.493636e-01	5.444716e-01	3.061648e-01	1.493636e-01	1.000000e+00	
1.276000e+02	5.444725e-01	3.061638e-01	1.493637e-01	5.444725e-01	3.061638e-01	1.493637e-01	1.000000e+00	
1.280000e+02	5.444733e-01	3.061628e-01	1.493639e-01	5.444733e-01	3.061628e-01	1.493639e-01	1.000000e+00	
1.284000e+02	5.444742e-01	3.061618e-01	1.493640e-01	5.444742e-01	3.061618e-01	1.493640e-01	1.000000e+00	
1.288000e+02	5.444750e-01	3.061608e-01	1.493642e-01	5.444750e-01	3.061608e-01	1.493642e-01	1.000000e+00	
1.292000e+02	5.444759e-01	3.061598e-01	1.493644e-01	5.444759e-01	3.061598e-01	1.493644e-01	1.000000e+00	
1.296000e+02	5.444767e-01	3.061588e-01	1.493645e-01	5.444767e-01	3.061588e-01	1.493645e-01	1.000000e+00	
1.300000e+02	5.444775e-01	3.061578e-01	1.493647e-01	5.444775e-01	3.061578e-01	1.493647e-01	1.000000e+00	
1.304000e+02	5.444783e-01	3.061569e-01	1.493648e-01	5.444783e-01	3.061569e-01	1.493648e-01	1.000000e+00	
1.308000e+02	5.444791e-01	3.061559e-01	1.493650e-01	5.444791e-01	3.061559e-01	1.493650e-01	1.000000e+00	
1.312000e+02	5.444799e-01	3.061550e-01	1.493651e-01	5.444799e-01	3.061550e-01	1.493651e-01	1.000000e+00	
1.316000e+02	5.444807e-01	3.061540e-01	1.493653e-01	5.444807e-01	3.061540e-01	1.493653e-01	1.000000e+00	
1.320000e+02	5.444815e-01	3.061531e-01	1.493654e-01	5.444815e-01	3.061531e-01	1.493654e-01	1.000000e+00	
1.324000e+02	5.444823e-01	3.061521e-01	1.493656e-01	5.444823e-01	3.061521e-01	1.493656e-01	1.000000e+00	
1.328000e+02	5.444830e-01	3.061512e-01	1.493657e-01	5.444830e-01	3.061512e-01	1.493657e-01	1.000000e+00	
1.332000e+02	5.444838e-01	3.061503e-01	1.493659e-01	5.444838e-01	3.061503e-01	1.493659e-01	1.000000e+00	
1.336000e+02	5.444846e-01	3.061494e-01	1.493660e-01	5.444846e-01	3.061494e-01	1.493660e-01	1.000000e+00	
1.340000e+02	5.444853e-01	3.061485e-01	1.493662e-01	5.444853e-01	3.061485e-01	1.493662e-01	1.000000e+00	
1.344000e+02	5.444861e-01	3.061476e-01	1.493663e-01	5.444861e-01	3.061476e-01	1.493663e-01	1.000000e+00	
1.348000e+02	5.444868e-01	3.061467e-01	1.493664e-01	5.444868e-01	3.061467e-01	1.493664e-01	1.000000e+00	
1.352000e+02	5.444875e-01	3.061459e-01	1.493666e-01	5.444875e-01	3.061459e-01	1.493666e-01	1.000000e+00	
1.356000e+02	5.444883e-01	3.061450e-01	1.493667e-01	5.444883e-01	3.061450e-01	1.493667e-01	1.000000e+00	
1.360000e+02	5.444890e-01	3.061441e-01	1.493669e-01	5.444890e-01	3.061441e-01	1.493669e-01	1.000000e+00	
1.364000e+02	5.444897e-01	3.061433e-01	1.493670e-01	5.444897e-01	3.061433e-01	1.493670e-01	1.000000e+00	
1.368000e+02	5.444904e-01	3.061425e-01	1.493671e-01	5.444904e-01	3.061425e-01	1.493671e-01	1.000000e+00	
1.372000e+02	5.444911e-01	3.061416e-01	1.493673e-01	5.444911e-01	3.061416e-01	1.493673e-01	1.000000e+00	
1.376000e+02	5.444918e-01	3.061408e-01	1.493674e-01	5.444918e-01	3.061408e-01	1.493674e-01	1.000000e+00	
1.380000e+02	5.444925e-01	3.061400e-01	1.493675e-01	5.444925e-01	3.061400e-01	1.493675e-01	1.000000e+00	
1.384000e+02	5.444932e-01	3.061392e-01	1.493677e-01	5.444932e-01	3.061392e-01	1.493677e-01	1.000000e+00	
1.388000e+02	5.444938e-01	3.061384e-01	1.493678e-01	5.444938e-01	3.061384e-01	1.493678e-01	1.000000e+00	
1.392000e+02	5.444945e-01	3.061376e-01	1.493679e-01	5.444945e-01	3.061376e-01	1.493679e-01	1.000000e+00	
1.396000e+02	5.444951e-01	3.061368e-01	1.493680e-01	5.444951e-01	3.061368e-01	1.493680e-01	1.000000e+00	
1.400000e+02	5.444958e-01	3.061360e-01	1.493682e-01	5.444958e-01	3.061360e-01	1.493682e-01	1.000000e+00	
1.404000e+02	5.444964e-01	3.061353e-01	1.493683e-01	5.444964e-01	3.061353e-01	1.493683e-01	1.000000e+00	
1.408000e+02	5.444971e-01	3.061345e-01	1.493684e-01	5.444971e-01	3.061345e-01	1.493684e-01	1.000000e+00	
1.412000e+02	5.444977e-01	3.061338e-01	1.493685e-01	5.444977e-01	3.061338e-01	1.493685e-01	1.000000e+00	
1.416000e+02	5.444983e-01	3.061330e-01	1.493686e-01	5.444983e-01	3.061330e-01	1.493686e-01	1.000000e+00	
1.420000e+02	5.444989e-01	3.061323e-01	1.493688e-01	5.444989e-01	3.061323e-01	1.493688e-01	1.000000e+00	
1.424000e+02	5.444995e-01	3.061316e-01	1.493689e-01	5.444995e-01	3.061316e-01	1.493689e-01	1.000000e+00	
1.428000e+02	5.445001e-01	3.061309e-01	1.493690e-01	5.445001e-01	3.061309e-01	1.493690e-01	1.000000e+00	
1.432000e+02	5.445007e-01	3.061302e-01	1.493691e-01	5.445007e-01	3.061302e-01	1.493691e-01	1.000000e+00	
1.436000e+02	5.445013e-01	3.061295e-01	1.493692e-01	5.445013e-01	3.061295e-01	1.493692e-01	1.000000e+00	
1.440000e+02	5.445019e-01	3.061288e-01	1.493693e-01	5.445019e-01	3.061288e-01	1.493693e-01	1.000000e+00	
1.444000e+02	5.445024e-01	3.061281e-01	1.493694e-01	5.445024e-01	3.061281e-01	1.493694e-01	1.000000e+00	
1.448000e+02	5.445030e-01	3.061275e-01	1.493695e-01	5.445030e-01	3.061275e-01	1.493695e-01	1.000000e+00	
1.452000e+02	5.445035e-01	3.061268e-01	1.493696e-01	5.445035e-01	3.061268e-01	1.493696e-01	1.000000e+00	
1.456000e+02	5.445041e-01	3.061262e-01	1.493697e-01	5.445041e-01	3.061262e-01	1.493697e-01	1.000000e+00	
1.460000e+02	5.445046e-01	3.061255e-01	1.493698e-01	5.445046e-01	3.061255e-01	1.493698e-01	1.000000e+00	
1.464000e+02	5.445051e-01	3.061249e-01	1.493699e-01	5.445051e-01	3.061249e-01	1.493699e-01	1.000000e+00	
1.468000e+02	5.445057e-01	3.061243e-01	1.493700e-01	5.445057e-01	3.061243e-01	1.493700e-01	1.000000e+00	
1.472000e+02	5.445062e-01	3.061237e-01	1.493701e-01	5.445062e-01	3.061237e-01	1.493701e-01	1.000000e+00	
1.476000e+02	5.445067e-01	3.061231e-01	1.493702e-01	5.445067e-01	3.061231e-01	1.493702e-01	1.000000e+00	
1.480000e+02	5.445072e-01	3.061225e-01	1.493703e-01	5.445072e-01	3.061225e-01	1.493703e-01	1.000000e+00	
1.484000e+02	5.445076e-01	3.061219e-01	1.493704e-01	5.445076e-01	3.061219e-01	1.493704e-01	1.000000e+00	
1.488000e+02	5.445081e-01	3.061214e-01	1.493705e-01	5.445081e-01	3.061214e-01	1.493705e-01	1.000000e+00	
1.492000e+02	5.445086e-01	3.061208e-01	1.493706e-01	5.445086e-01	3.061208e-01	1.493706e-01	1.000000e+00	
1.496000e+02	5.445090e-01	3.061203e-01	1.493707e-01	5.445090e-01	3.061203e-01	1.493707e-01	1.000000e+00	
1.500000e+02	5.445095e-01	3.061197e-01	1.493708e-01	5.445095e-01	3.061197e-01	1.493708e-01	1.000000e+00	
1.504000e+02	5.445099e-01	3.061192e-01	1.493709e-01	5.445099e-01	3.061192e-01	1.493709e-01	1.000000e+00	
1.508000e+02	5.445104e-01	3.061187e-01	1.493710e-01	5.445104e-01	3.061187e-01	1.493710e-01	1.000000e+00	
1.512000e+02	5.445108e-01	3.061182e-01	1.493710e-01	5.445108e-01	3.061182e-01	1.493710e-01	1.000000e+00	
1.516000e+02	5.445112e-01	3.061177e-01	1.493711e-01	5.445112e-01	3.061177e-01	1.493711e-01	1.000000e+00	
1.520000e+02	5.445116e-01	3.061172e-01	1.493712e-01	5.445116e-01	3.061172e-01	1.493712e-01	1.000000e+00	
1.524000e+02	5.445120e-01	3.061167e-01	1.493713e-01	5.445120e-01	3.061167e-01	1.493713e-01	1.000000e+00	
1.528000e+02	5.445124e-01	3.061162e-01	1.493714e-01	5.445124e-01	3.061162e-01	1.493714e-01	1.000000e+00	
1.532000e+02	5.445128e-01	3.061157e-01	1.493714e-01	5.445128e-01	3.061157e-01	1.493714e-01	1.000000e+00	
1.536000e+02	5.445132e-01	3.061153e-01	1.493715e-01	5.445132e-01	3.061153e-01	1.493715e-01	1.000000e+00	
1.540000e+02	5.445136e-01	3.061149e-01	1.493716e-01	5.445136e-01	3.061149e-01	1.493716e-01	1.000000e+00	
1.544000e+02	5.445139e-01	3.061144e-01	1.493716e-01	5.445139e-01	3.061144e-01	1.493716e-01	1.000000e+00	
1.548000e+02	5.445143e-01	3.061140e-01	1.493717e-01	5.445143e-01	3.061140e-01	1.493717e-01	1.000000e+00	
1.552000e+02	5.445146e-01	3.061136e-01	1.493718e-01	5.445146e-01	3.061136e-01	1.493718e-01	1.000000e+00	
1.556000e+02	5.445150e-01	3.061132e-01	1.493718e-01	5.445150e-01	3.061132e-01	1.493718e-01	1.000000e+00	
1.560000e+02	5.445153e-01	3.061128e-01	1.493719e-01	5.445153e-01	3.061128e-01	1.493719e-01	1.000000e+00	
1.564000e+02	5.445156e-01	3.061124e-01	1.493720e-01	5.445156e-01	3.061124e-01	1.493720e-01	1.000000e+00	
1.568000e+02	5.445159e-01	3.061121e-01	1.493720e-01	5.445159e-01	3.061121e-01	1.493720e-01	1.000000e+00	
1.572000e+02	5.445162e-01	3.061117e-01	1.493721e-01	5.445162e-01	3.061117e-01	1.493721e-01	1.000000e+00	
1.576000e+02	5.445165e-01	3.061114e-01	1.493721e-01	5.445165e-01	3.061114e-01	1.493721e-01	1.000000e+00	
1.580000e+02	5.445168e-01	3.061110e-01	1.493722e-01	5.445168e-01	3.061110e-01	1.493722e-01	1.000000e+00	
1.584000e+02	5.445171e-01	3.061107e-01	1.493723e-01	5.445171e-01	3.061107e-01	1.493723e-01	1.000000e+00	
1.588000e+02	5.445173e-01	3.061104e-01	1.493723e-01	5.445173e-01	3.061104e-01	1.493723e-01	1.000000e+00	
1.592000e+02	5.445176e-01	3.061101e-01	1.493724e-01	5.445176e-01	3.061101e-01	1.493724e-01	1.000000e+00	
1.596000e+02	5.445178e-01	3.061098e-01	1.493724e-01	5.445178e-01	3.061098e-01	1.493724e-01	1.000000e+00	
1.600000e+02	5.445181e-01	3.061095e-01	1.493725e-01	5.445181e-01	3.061095e-01	1.493725e-01	1.000000e+00	
1.604000e+02	5.445183e-01	3.061092e-01	1.493725e-01	5.445183e-01	3.061092e-01	1.493725e-01	1.000000e+00	
1.608000e+02	5.445185e-01	3.061089e-01	1.493725e-01	5.445185e-01	3.061089e-01	1.493725e-01	1.000000e+00	
1.612000e+02	5.445187e-01	3.061087e-01	1.493726e-01	5.445187e-01	3.061087e-01	1.493726e-01	1.000000e+00	
1.616000e+02	5.445189e-01	3.061084e-01	1.493726e-01	5.445189e-01	3.061084e-01	1.493726e-01	1.000000e+00	
1.620000e+02	5.445191e-01	3.061082e-01	1.493727e-01	5.445191e-01	3.061082e-01	1.493727e-01	1.000000e+00	
1.624000e+02	5.445193e-01	3.061080e-01	1.493727e-01	5.445193e-01	3.061080e-01	1.493727e-01	1.000000e+00	
1.628000e+02	5.445195e-01	3.061078e-01	1.493727e-01	5.445195e-01	3.061078e-01	1.493727e-01	1.000000e+00	
1.632000e+02	5.445197e-01	3.061076e-01	1.493728e-01	5.445197e-01	3.061076e-01	1.493728e-01	1.000000e+00	
1.636000e+02	5.445198e-01	3.061074e-01	1.493728e-01	5.445198e-01	3.061074e-01	1.493728e-01	1.000000e+00	
1.640000e+02	5.445200e-01	3.061072e-01	1.493728e-01	5.445200e-01	3.061072e-01	1.493728e-01	1.000000e+00	
1.644000e+02	5.445201e-01	3.061070e-01	1.493729e-01	5.445201e-01	3.061070e-01	1.493729e-01	1.000000e+00	
1.648000e+02	5.445202e-01	3.061069e-01	1.493729e-01	5.445202e-01	3.061069e-01	1.493729e-01	1.000000e+00	
1.652000e+02	5.445204e-01	3.061067e-01	1.493729e-01	5.445204e-01	3.061067e-01	1.493729e-01	1.000000e+00	
1.656000e+02	5.445205e-01	3.061066e-01	1.493729e-01	5.445205e-01	3.061066e-01	1.493729e-01	1.000000e+00	
1.660000e+02	5.445206e-01	3.061064e-01	1.493730e-01	5.445206e-01	3.061064e-01	1.493730e-01	1.000000e+00	
1.664000e+02	5.445207e-01	3.061063e-01	1.493730e-01	5.445207e-01	3.061063e-01	1.493730e-01	1.000000e+00	
1.668000e+02	5.445208e-01	3.061062e-01	1.493730e-01	5.445208e-01	3.061062e-01	1.493730e-01	1.000000e+00	
1.672000e+02	5.445208e-01	3.061061e-01	1.493730e-01	5.445208e-01	3.061061e-01	1.493730e-01	1.000000e+00	
1.676000e+02	5.445209e-01	3.061060e-01	1.493730e-01	5.445209e-01	3.061060e-01	1.493730e-01	1.000000e+00	
1.680000e+02	5.445210e-01	3.061060e-01	1.493731e-01	5.445210e-01	3.061060e-01	1.493731e-01	1.000000e+00	
1.684000e+02	5.445210e-01	3.061059e-01	1.493731e-01	5.445210e-01	3.061059e-01	1.493731e-01	1.000000e+00	
1.688000e+02	5.445211e-01	3.061059e-01	1.493731e-01	5.445211e-01	3.061059e-01	1.493731e-01	1.000000e+00	
1.692000e+02	5.445211e-01	3.061058e-01	1.493731e-01	5.445211e-01	3.061058e-01	1.493731e-01	1.000000e+00	
1.696000e+02	5.445211e-01	3.061058e-01	1.493731e-01	5.445211e-01	3.061058e-01	1.493731e-01	1.000000e+00	
1.700000e+02	5.445211e-01	3.061058e-01	1.493731e-01	5.445211e-01	3.061058e-01	1.493731e-01	1.000000e+00	
1.704000e+02	5.445212e-01	3.061057e-01	1.493731e-01	5.445212e-01	3.061057e-01	1.493731e-01	1.000000e+00	
1.708000e+02	5.445211e-01	3.061057e-01	1.493731e-01	5.445211e-01	3.061057e-01	1.493731e-01	1.000000e+00	
1.712000e+02	5.445211e-01	3.061058e-01	1.493731e-01	5.445211e-01	3.061058e-01	1.493731e-01	1.000000e+00	
1.716000e+02	5.445211e-01	3.061058e-01	1.493731e-01	5.445211e-01	3.061058e-01	1.493731e-01	1.000000e+00	
1.720000e+02	5.445211e-01	3.061058e-01	1.493731e-01	5.445211e-01	3.061058e-01	1.493731e-01	1.000000e+00	
1.724000e+02	5.445210e-01	3.061059e-01	1.493731e-01	5.445210e-01	3.061059e-01	1.493731e-01	1.000000e+00	
1.728000e+02	5.445210e-01	3.061059e-01	1.493731e-01	5.445210e-01	3.061059e-01	1.493731e-01	1.000000e+00	
1.732000e+02	5.445209e-01	3.061060e-01	1.493731e-01	5.445209e-01	3.061060e-01	1.493731e-01	1.000000e+00	
1.736000e+02	5.445209e-01	3.061061e-01	1.493731e-01	5.445209e-01	3.061061e-01	1.493731e-01	1.000000e+00	
1.740000e+02	5.445208e-01	3.061061e-01	1.493731e-01	5.445208e-01	3.061061e-01	1.493731e-01	1.000000e+00	
1.744000e+02	5.445207e-01	3.061062e-01	1.493730e-01	5.445207e-01	3.061062e-01	1.493730e-01	1.000000e+00	
1.748000e+02	5.445206e-01	3.061063e-01	1.493730e-01	5.445206e-01	3.061063e-01	1.493730e-01	1.000000e+00	
1.752000e+02	5.445205e-01	3.061065e-01	1.493730e-01	5.445205e-01	3.061065e-01	1.493730e-01	1.000000e+00	
1.756000e+02	5.445204e-01	3.061066e-01	1.493730e-01	5.445204e-01	3.061066e-01	1.493730e-01	1.000000e+00	
1.760000e+02	5.445203e-01	3.061067e-01	1.493730e-01	5.445203e-01	3.061067e-01	1.493730e-01	1.000000e+00	
1.764000e+02	5.445202e-01	3.061069e-01	1.493730e-01	5.445202e-01	3.061069e-01	1.493730e-01	1.000000e+00	
1.768000e+02	5.445200e-01	3.061070e-01	1.493729e-01	5.445200e-01	3.061070e-01	1.493729e-01	1.000000e+00	
1.772000e+02	5.445199e-01	3.061072e-01	1.493729e-01	5.445199e-01	3.061072e-01	1.493729e-01	1.000000e+00	
1.776000e+02	5.445197e-01	3.061074e-01	1.493729e-01	5.445197e-01	3.061074e-01	1.493729e-01	1.000000e+00	
1.780000e+02	5.445196e-01	3.061076e-01	1.493728e-01	5.445196e-01	3.061076e-01	1.493728e-01	1.000000e+00	
1.784000e+02	5.445194e-01	3.061078e-01	1.493728e-01	5.445194e-01	3.061078e-01	1.493728e-01	1.000000e+00	
1.788000e+02	5.445192e-01	3.061080e-01	1.493728e-01	5.445192e-01	3.061080e-01	1.493728e-01	1.000000e+00	
1.792000e+02	5.445190e-01	3.061082e-01	1.493728e-01	5.445190e-01	3.061082e-01	1.493728e-01	1.000000e+00	
1.796000e+02	5.445188e-01	3.061085e-01	1.493727e-01	5.445188e-01	3.061085e-01	1.493727e-01	1.000000e+00	
1.800000e+02	5.445186e-01	3.061087e-01	1.493727e-01	5.445186e-01	3.061087e-01	1.493727e-01	1.000000e+00	
1.804000e+02	5.445184e-01	3.061090e-01	1.493726e-01	5.445184e-01	3.061090e-01	1.493726e-01	1.000000e+00	
1.808000e+02	5.445182e-01	3.061092e-01	1.493726e-01	5.445182e-01	3.061092e-01	1.493726e-01	1.000000e+00	
1.812000e+02	5.445179e-01	3.061095e-01	1.493726e-01	5.445179e-01	3.061095e-01	1.493726e-01	1.000000e+00	
1.816000e+02	5.445177e-01	3.061098e-01	1.493725e-01	5.445177e-01	3.061098e-01	1.493725e-01	1.000000e+00	
1.820000e+02	5.445174e-01	3.061101e-01	1.493725e-01	5.445174e-01	3.061101e-01	1.493725e-01	1.000000e+00	
1.824000e+02	5.445172e-01	3.061104e-01	1.493724e-01	5.445172e-01	3.061104e-01	1.493724e-01	1.000000e+00	
1.828000e+02	5.445169e-01	3.061107e-01	1.493724e-01	5.445169e-01	3.061107e-01	1.493724e-01	1.000000e+00	
1.832000e+02	5.445166e-01	3.061111e-01	1.493723e-01	5.445166e-01	3.061111e-01	1.493723e-01	1.000000e+00	
1.836000e+02	5.445163e-01	3.061114e-01	1.493723e-01	5.445163e-01	3.061114e-01	1.493723e-01	1.000000e+00	
1.840000e+02	5.445160e-01	3.061118e-01	1.493722e-01	5.445160e-01	3.061118e-01	1.493722e-01	1.000000e+00	
1.844000e+02	5.445157e-01	3.061121e-01	1.493722e-01	5.445157e-01	3.061121e-01	1.493722e-01	1.000000e+00	
1.848000e+02	5.445154e-01	3.061125e-01	1.493721e-01	5.445154e-01	3.061125e-01	1.493721e-01	1.000000e+00	
1.852000e+02	5.445151e-01	3.061129e-01	1.493721e-01	5.445151e-01	3.061129e-01	1.493721e-01	1.000000e+00	
1.856000e+02	5.445147e-01	3.061133e-01	1.493720e-01	5.445147e-01	3.061133e-01	1.493720e-01	1.000000e+00	
1.860000e+02	5.445144e-01	3.061137e-01	1.493719e-01	5.445144e-01	3.061137e-01	1.493719e-01	1.000000e+00	
1.864000e+02	5.445141e-01	3.061141e-01	1.493719e-01	5.445141e-01	3.061141e-01	1.493719e-01	1.000000e+00	
1.868000e+02	5.445137e-01	3.061145e-01	1.493718e-01	5.445137e-01	3.061145e-01	1.493718e-01	1.000000e+00	
1.872000e+02	5.445133e-01	3.061149e-01	1.493717e-01	5.445133e-01	3.061149e-01	1.493717e-01	1.000000e+00	
1.876000e+02	5.445130e-01	3.061154e-01	1.493717e-01	5.445130e-01	3.061154e-01	1.493717e-01	1.000000e+00	
1.880000e+02	5.445126e-01	3.061158e-01	1.493716e-01	5.445126e-01	3.061158e-01	1.493716e-01	1.000000e+00	
1.884000e+02	5.445122e-01	3.061163e-01	1.493715e-01	5.445122e-01	3.061163e-01	1.493715e-01	1.000000e+00	
1.888000e+02	5.445118e-01	3.061168e-01	1.493715e-01	5.445118e-01	3.061168e-01	1.493715e-01	1.000000e+00	
1.892000e+02	5.445114e-01	3.061172e-01	1.493714e-01	5.445114e-01	3.061172e-01	1.493714e-01	1.000000e+00	
1.896000e+02	5.445110e-01	3.061177e-01	1.493713e-01	5.445110e-01	3.061177e-01	1.493713e-01	1.000000e+00	
1.900000e+02	5.445105e-01	3.061182e-01	1.493712e-01	5.445105e-01	3.061182e-01	1.493712e-01	1.000000e+00	
1.904000e+02	5.445101e-01	3.061188e-01	1.493711e-01	5.445101e-01	3.061188e-01	1.493711e-01	1.000000e+00	
1.908000e+02	5.445096e-01	3.061193e-01	1.493711e-01	5.445096e-01	3.061193e-01	1.493711e-01	1.000000e+00	
1.912000e+02	5.445092e-01	3.061198e-01	1.493710e-01	5.445092e-01	3.061198e-01	1.493710e-01	1.000000e+00	
1.916000e+02	5.445087e-01	3.061204e-01	1.493709e-01	5.445087e-01	3.061204e-01	1.493709e-01	1.000000e+00	
1.920000e+02	5.445083e-01	3.061209e-01	1.493708e-01	5.445083e-01	3.061209e-01	1.493708e-01	1.000000e+00	
1.924000e+02	5.445078e-01	3.061215e-01	1.493707e-01	5.445078e-01	3.061215e-01	1.493707e-01	1.000000e+00	
1.928000e+02	5.445073e-01	3.061221e-01	1.493706e-01	5.445073e-01	3.061221e-01	1.493706e-01	1.000000e+00	
1.932000e+02	5.445068e-01	3.061226e-01	1.493705e-01	5.445068e-01	3.061226e-01	1.493705e-01	1.000000e+00	
1.936000e+02	5.445063e-01	3.061232e-01	1.493705e-01	5.445063e-01	3.061232e-01	1.493705e-01	1.000000e+00	
1.940000e+02	5.445058e-01	3.061238e-01	1.493704e-01	5.445058e-01	3.061238e-01	1.493704e-01	1.000000e+00	
1.944000e+02	5.445053e-01	3.061244e-01	1.493703e-01	5.445053e-01	3.061244e-01	1.493703e-01	1.000000e+00	
1.948000e+02	5.445048e-01	3.061251e-01	1.493702e-01	5.445048e-01	3.061251e-01	1.493702e-01	1.000000e+00	
1.952000e+02	5.445042e-01	3.061257e-01	1.493701e-01	5.445042e-01	3.061257e-01	1.493701e-01	1.000000e+00	
1.956000e+02	5.445037e-01	3.061263e-01	1.493700e-01	5.445037e-01	3.061263e-01	1.493700e-01	1.000000e+00	
1.960000e+02	5.445031e-01	3.061270e-01	1.493699e-01	5.445031e-01	3.061270e-01	1.493699e-01	1.000000e+00	
1.964000e+02	5.445026e-01	3.061276e-01	1.493698e-01	5.445026e-01	3.061276e-01	1.493698e-01	1.000000e+00	
1.968000e+02	5.445020e-01	3.061283e-01	1.493697e-01	5.445020e-01	3.061283e-01	1.493697e-01	1.000000e+00	
1.972000e+02	5.445014e-01	3.061290e-01	1.493696e-01	5.445014e-01	3.061290e-01	1.493696e-01	1.000000e+00	
1.976000e+02	5.445009e-01	3.061297e-01	1.493695e-01	5.445009e-01	3.061297e-01	1.493695e-01	1.000000e+00	
1.980000e+02	5.445003e-01	3.061304e-01	1.493693e-01	5.445003e-01	3.061304e-01	1.493693e-01	1.000000e+00	
1.984000e+02	5.444997e-01	3.061311e-01	1.493692e-01	5.444997e-01	3.061311e-01	1.493692e-01	1.000000e+00	
1.988000e+02	5.444991e-01	3.061318e-01	1.493691e-01	5.444991e-01	3.061318e-01	1.493691e-01	1.000000e+00	
1.992000e+02	5.444985e-01	3.061325e-01	1.493690e-01	5.444985e-01	3.061325e-01	1.493690e-01	1.000000e+00	
1.996000e+02	5.444978e-01	3.061333e-01	1.493689e-01	5.444978e-01	3.061333e-01	1.493689e-01	1.000000e+00	
2.000000e+02	5.444972e-01	3.061340e-01	1.493688e-01	5.444972e-01	3.061340e-01	1.493688e-01	1.000000e+00	


# Errors:
# Error z : 1.221944e-03 ;  Error t : 1.199848e-03